# Phase	     Rate	error	 exposure(s) deadtime(s) Deadtime fraction  	
0.00500000   20378.982  26.2176  241.11849   15.33420  0.06359613142
0.01500000   19326.871  25.4870  241.11849   14.58578  0.06049218353
0.02500000   18448.701  24.8693  241.11849   13.94850  0.05784915477
0.03500000   17660.465  24.3024  241.11849   13.38196  0.05549952867
0.04500000   17271.705  24.0187  241.11849   13.09735  0.05431914082
0.05500000   17029.857  23.8447  241.11849   12.92756  0.05361494717
0.06500000   16741.498  23.6289  241.11849   12.72496  0.05277472082
0.07500000   16758.193  23.6424  241.05914   12.73291  0.05282069193
0.08500000   16841.406  23.7293  240.49483   12.76229  0.05306680157
0.09500000   17207.729  24.0223  240.10523   12.99713  0.05413097188
0.10500000   17572.865  24.3087  239.74067   13.24723  0.05525649274
0.11500000   17989.920  24.6134  239.74067   13.54170  0.05648478767
0.12500000   18623.238  25.0424  240.22291   14.03334  0.05841799997
0.13500000   19442.945  25.6060  240.42958   14.62925  0.06084629464
0.14500000   20426.098  26.2848  240.42958   15.32659  0.06374669878
0.15500000   21690.766  27.1424  240.42958   16.22865  0.06749854661
0.16500000   22907.928  27.9463  240.42958   17.08943  0.07107873271
0.17500000   24107.785  28.7212  240.42958   17.95788  0.07469082939
0.18500000   25698.518  29.7266  240.42958   19.07779  0.07934878405
0.19500000   27104.404  30.5954  240.42958   20.06596  0.08345879184
0.20500000   28689.400  31.5615  240.35958   21.17421  0.08809389540
0.21500000   30199.609  32.4591  240.31895   22.22213  0.09246933172
0.22500000   31334.691  33.1327  240.17573   23.01019  0.09580565202
0.23500000   32308.352  33.7024  240.06067   23.66110  0.09856298658
0.24500000   33336.695  34.3061  239.83371   24.35910  0.10156662272
0.25500000   34172.504  34.7920  239.63895   24.91713  0.10397778826
0.26500000   35077.977  35.3206  239.35640   25.50864  0.10657179662
0.27500000   35507.621  35.5495  239.50333   25.78842  0.10767456677
0.28500000   35881.871  35.7501  239.67544   26.08388  0.10882999058
0.29500000   36437.492  36.0775  239.35934   26.41502  0.11035718488
0.30500000   36424.312  36.0896  239.10373   26.39006  0.11037077497
0.31500000   36603.402  36.1990  238.96533   26.47457  0.11078834164
0.32500000   36520.402  36.1514  238.93614   26.43818  0.11064956882
0.33500000   36468.723  36.1289  238.90835   26.37999  0.11041886958
0.34500000   36044.117  35.8911  238.94734   26.10962  0.10926936646
0.35500000   35567.273  35.5706  239.67563   25.86929  0.10793460125
0.36500000   35174.957  35.3434  239.81742   25.61076  0.10679273616
0.37500000   34280.008  34.8215  240.00184   25.00315  0.10417899390
0.38500000   33482.266  34.3874  239.90398   24.44969  0.10191446646
0.39500000   32445.998  33.7528  240.44162   23.79225  0.09895229345
0.40500000   31309.811  33.0978  240.43204   22.98344  0.09559225579
0.41500000   30182.119  32.4007  241.06071   22.26529  0.09236383378
0.42500000   28953.262  31.6570  241.32289   21.43155  0.08880859879
0.43500000   27657.963  30.8725  241.38816   20.52353  0.08502295535
0.44500000   26356.729  30.0700  241.50736   19.61709  0.08122770662
0.45500000   24915.984  29.1629  241.60129   18.61276  0.07703916433
0.46500000   23670.445  28.3254  242.36022   17.78201  0.07337015084
0.47500000   22612.057  27.6375  242.44553   17.02061  0.07020383173
0.48500000   21654.064  27.0024  242.46257   16.34262  0.06740265827
0.49500000   20895.916  26.4907  242.49631   15.79794  0.06514711744
0.50500000   20271.510  26.0683  242.49631   15.34945  0.06329765398
0.51500000   19889.496  25.8100  242.49631   15.07146  0.06215131255
0.52500000   19677.543  25.6635  242.46249   14.92006  0.06153554367
0.53500000   19658.162  25.6758  241.89935   14.86471  0.06144996495
0.54500000   19867.668  25.8260  241.80740   15.01425  0.06209177862
0.55500000   20125.512  26.0063  241.80740   15.20046  0.06286185528
0.56500000   20668.994  26.3773  241.80740   15.59554  0.06449570735
0.57500000   21439.393  26.8936  241.80740   16.14809  0.06678081257
0.58500000   22330.625  27.4865  241.80740   16.78254  0.06940459338
0.59500000   23437.721  28.2086  241.80740   17.59243  0.07275391158
0.60500000   25055.416  29.2389  241.80740   18.73386  0.07747430369
0.61500000   26381.121  30.0831  241.53619   19.66252  0.08140609294
0.62500000   27741.109  30.9442  241.05208   20.57873  0.08537047562
0.63500000   28984.744  31.7437  240.30558   21.40273  0.08906464231
0.64500000   30164.494  32.4508  240.13754   22.18791  0.09239667688
0.65500000   31521.285  33.2863  239.57272   23.07757  0.09632802341
0.66500000   32361.184  33.7524  239.79927   23.66763  0.09869768329
0.67500000   33517.047  34.4315  239.51444   24.43518  0.10201965568
0.68500000   34314.883  34.9101  239.17168   24.94819  0.10431080808
0.69500000   35089.230  35.3719  238.77885   25.44332  0.10655599411
0.70500000   35745.879  35.7506  238.62257   25.87134  0.10841950922
0.71500000   36377.078  36.1214  238.33146   26.26870  0.11021920637
0.72500000   37096.605  36.5223  238.27074   26.76152  0.11231557729
0.73500000   37474.223  36.7675  237.80295   26.93296  0.11325747748
0.74500000   37879.906  37.0117  237.50474   27.20196  0.11453228761
0.75500000   38216.039  37.2116  237.21233   27.37953  0.11542202271
0.76500000   38396.246  37.3257  237.03742   27.47365  0.11590429358
0.77500000   38704.156  37.5187  236.77521   27.66096  0.11682369971
0.78500000   38894.789  37.6495  236.33479   27.73670  0.11736191724
0.79500000   38700.027  37.5065  236.86662   27.66385  0.11679081580
0.80500000   38870.922  37.6056  236.75071   27.74673  0.11719808901
0.81500000   38754.305  37.5758  236.34366   27.63216  0.11691515850
0.82500000   38481.355  37.4005  236.72722   27.49856  0.11616139724
0.83500000   37978.965  37.1146  236.78551   27.16588  0.11472779884
0.84500000   37830.688  37.0445  236.70904   27.06453  0.11433669847
0.85500000   37144.426  36.6596  236.79071   26.59500  0.11231437684
0.86500000   36692.852  36.3745  237.27179   26.35700  0.11108359782
0.87500000   35970.566  35.9397  237.71988   25.91701  0.10902330176
0.88500000   35519.164  35.6436  238.31130   25.66708  0.10770399479
0.89500000   34580.500  35.0867  238.71195   25.07048  0.10502396741
0.90500000   33663.234  34.5648  238.79043   24.46009  0.10243327388
0.91500000   32609.291  33.8931  239.81676   23.84111  0.09941385972
0.92500000   31518.988  33.2401  240.19004   23.11037  0.09621701631
0.93500000   30401.172  32.5793  240.29067   22.35397  0.09302886113
0.94500000   29046.539  31.7712  240.35650   21.39992  0.08903410052
0.95500000   27485.918  30.8133  240.66650   20.34821  0.08454941247
0.96500000   26139.311  29.9767  240.81551   19.41778  0.08063344069
0.97500000   24569.809  28.9885  240.91574   18.30428  0.07597794776
0.98500000   23273.861  28.1491  241.10246   17.39961  0.07216686002
0.99500000   21753.414  27.1444  241.11849   16.32217  0.06769355143
